237 22 410 283 173
466 204 14 85 296
175 322 139 258 107
421 228 351 34 256
227 27 438 197 35
4 60 467 75 148
301 198 161 120 303
368 195 12 305 93
239 334 358 255 350
337 126 77 129 199
425 390 373 82 287
382 372 201 440 146
24 178 188 374 294
23 103 420 40 455
72 378 76 431 355
25 402 142 135 457
181 46 54 445 307
7 462 427 370 182
102 278 99 171 121
218 336 79 313 26
88 124 430 282 115
16 306 468 428 30
48 286 206 360 90
419 44 183 327 179
380 158 444 289 106
29 250 89 347 426
377 424 352 371 165
452 170 207 176 147
194 423 109 274 465
400 92 397 154 375
113 111 6 180 118
433 316 344 1 383
270 343 140 212 240
18 94 268 83 252
230 17 422 417 39
131 15 214 190 143
116 45 246 458 323
356 401 254 172 9
96 200 61 67 114
416 215 223 65 260
151 353 398 319 442
341 391 244 87 177
312 159 41 439 56
434 302 272 460 122
152 407 196 348 236
311 299 168 328 209
288 333 277 332 389
454 219 3 463 134
349 318 51 415 153
78 245 261 411 298
104 280 359 10 266
317 362 379 119 325
241 275 273 384 235
249 365 117 309 33
232 69 338 404 205
267 461 388 387 98
189 164 257 192 64
238 308 446 304 71
408 123 81 36 68
361 396 369 437 108
414 141 395 49 285
376 193 451 55 167
436 97 58 469 297
447 276 59 354 174
357 409 432 233 21
112 269 291 217
